-0.0101402 0.00493182 0.000892833 -0.00471783 -0.00884889 -0.00358443
0.0265456 3.94515 -0.502633 0.128137 -0.0473997 -0.0493467
-0.0684914 2.67766 -0.218787 0.166216 -0.0801637 -0.0893018
-0.21281 2.87857 -0.222088 0.174847 -0.192672 -0.128101
0.124565 2.90175 -0.240868 0.309886 0.131418 -0.113216
0.040739 3.12586 -0.304937 0.311712 0.0168778 -0.0232662
-0.0589392 2.34306 -0.199319 0.214363 -0.0638767 -0.0523186
-0.219866 5.72061 -0.494972 0.222906 -0.243635 0.00942105
0.07917 3.43374 -0.233091 0.211782 0.0379366 -0.000299163
-0.00396036 1.94374 -0.0944798 0.0139857 -0.0565393 0.0672504
-0.0264557 3.48896 -0.313141 0.117825 -0.0318558 -0.0227804
0.046348 2.64697 -0.228918 0.0352908 -0.0213645 0.0168533
0.0476076 2.9903 -0.231376 0.028193 0.0394911 -0.0193947
0.0199018 2.00327 -0.144886 0.184082 0.00898086 -0.0371485
0.0565148 3.52523 -0.293076 0.143999 0.0423845 -0.0201887
-0.0278859 2.25236 -0.184961 0.0464062 -0.0441428 0.0441454
0.0533983 3.29872 -0.253158 0.0555966 -0.025535 0.0243782
-0.0185982 2.43762 -0.173693 -0.0443079 -0.0235384 0.00209618
0.0317021 3.64665 -0.300168 -0.117875 0.033585 -0.09512
0.012743 2.85277 -0.0835808 -0.00446534 0.0208183 0.0292515
0.0236209 2.68382 -0.240089 0.00322983 0.012666 -0.0288853
0.0315713 3.28106 -0.268814 0.0677259 0.0149762 -0.0845289
-0.0636786 2.31148 -0.128374 0.00612995 -0.109849 0.112869
-0.012605 3.20479 -0.216534 0.00403337 -0.0390874 -0.0211955
0.0341549 2.92795 -0.252544 -0.0159293 0.0412382 -0.0705179
0.0194826 2.34316 -0.161975 -0.0148379 -0.000398898 -0.0123596
-0.0302123 4.32271 -0.338534 0.0304882 -0.0545775 -0.0538409
-0.0168169 1.96015 -0.146105 0.00596751 -0.0342712 0.0162362
0.0509503 3.93509 -0.317766 0.137205 0.0847126 0.135917
0.0326076 2.07376 -0.118169 0.0361446 0.0844425 -0.0606893
-0.0776508 3.17031 -0.272468 -0.131057 -0.146773 0.265119
0.0457163 3.583 -0.326059 -0.0137131 0.0651195 -0.0790311
0.00794407 0.442745 -0.00948051 0.0397942 -0.0151973 0.0932483
-0.0240815 4.04262 -0.408909 0.0315304 -0.0654619 -0.0457445
-0.0221131 2.22971 -0.182406 0.0975999 -0.0166074 -0.0449712
-0.0164246 4.03507 -0.366999 0.00300525 -0.0312612 -0.175003
0.0394486 1.44917 -0.10052 0.104262 0.0983738 -0.0281524
0.0496206 4.24863 -0.362282 -0.0395695 0.0857144 -0.0542301
-0.0562844 3.13413 -0.43818 -0.146523 -0.108536 0.0484102
0.0389131 2.73109 -0.0775073 -0.0242993 0.0226015 -0.154163
0.000756147 3.05842 -0.245369 -0.00649066 -0.0610681 0.00448748
-0.0476399 2.15321 -0.194589 0.0910104 -0.0190004 -0.297409
-0.0192648 4.32138 -0.356814 0.0670111 0.0322069 -0.187382
0.0387293 1.30538 -0.154636 -0.0307475 0.0574622 -0.0382976
0.122965 4.17669 -0.478311 0.0423365 0.121463 -0.431943
-0.010274 2.71221 -0.212723 0.121776 -0.00435408 -0.305125
-0.014664 1.88813 -0.112847 0.148086 0.0451513 -0.332156
-0.0128755 5.34678 -0.476548 0.133189 -0.00936326 -0.134144
0.00831925 0.597479 0.045046 -0.0248153 0.0341344 -0.0303238
